Vector | #Nodes count 
000010000100001011000010000110001101111000001000111000010000100110110001000001001010100110000101110100011000101111100110010000001011101101011100101 | 696 
001011110011001110011011110101001000110100101101111000011011111010000110111100000000000010111101111011010100111111001110011000011010011110000011011 | 686 
111001100110001001100010010101010101101100100000011001000011000001001001001010010011110110000111110000010100011000010000010110110011110001010101010 | 683 
100001110000100100011111000001001000111101010011101010111000110111010110110011000110110100001101110111010110011001111111100101001000101000101100110 | 674 
100011001100101101001010100110000100011010111100100101010000010100100010110100011001110010111100011011011001111101111000011000001001011110100111110 | 673 
010000011100010100100011001010101011000100000010011010100100010101101000011101101100101010101100110100101011111010011111010110001000101010100111101 | 668 
111011001110110001010111101000100111101100111011001100011010101010111111110011111001001000011111111010100100010110000010111011111000100001000001100 | 667 
010011011111111011000000001011011111100000010101111001011011010100110101011111111011001110100011101000000000000100101011010101011010011001101011111 | 662 
110000100000010111101000011000101011000110100011111101111110100110001100000110100101111011111110010111000101100001111110101101010001100000001111000 | 658 
011000100101010011101000011011110001010100101001100000001110110011111011000010110010100110001000111001011111100100011000001011001010110101000110110 | 655 
100011001010100100101001001001011100010100011100000111110001001101111101001101101011000000101001000111100000011110011001101110011011011001111001011 | 651 
000001110111001111100111110001111101101110000000001110000001010110011101010011001100110001010010010011110111100001101000000110011010000111011110101 | 650 
001001110010111110101001110101001111001110001101111011110001110001010110110001111100111011111100111000100110000000111111101001101000011000000110110 | 649 
001010111001100110100010000010110000110100001100010110110101011011111010010100001110111000111100010001100110000101011011011011101011111000110110111 | 648 
110010010011101110010000110001010011010000111010101111110000011001011111101100110111010101101000010010110100010100100111000111101000111011100110110 | 648 
111011111010010011001101000011010010100010010010011100111110100100001011000100110011010001000010101111111111010010001101111000101010010100001111110 | 647 
001100000000000001100001110011011000011101010000101101010111001001010000001010010101001011010100011010000001001000011011000010011001110000001011110 | 643 
100010100110111100100110011011101000100000001011111101011110001101011011010011010000100110111101111011110101101111000000000001101010100111110001011 | 639 
100111111111010001101100100110101110110010100111011001000001000101010100101010110100111001011111010001110101000000100010000111011001101000011100010 | 626 
000000010000010000101010100101100011010111110100001001100111001100011000111000111000011000111011001011111010100001011011010010000010010001110011000 | 623 
111011100110100111010111010101000000110100010000101100110111111010111001101101111010111110100010001001101010101000001100110101001000110100101100010 | 620 
101001101100011001100001101101100001010100110101001100111010011111000101110010000011001000010101110110011111110000111110111101101001110100100110000 | 620 
011001011110000101010110101001010010100101100110111011001101110101000001000111010101110110101010101111110111011001001010010101111011100101101000011 | 615 
010100101000010000101110001111111001011100110001011000100001000100101101111001000001000101000001010110010100010101110100000111111000000001000000000 | 604 
111010010100001110010001110110100010100000101111010110110111000001001101101110010110110010100001101101011010011000110101011111101000101101101101011 | 602 
010010101100010011101011101111100110100010100101000001110001001101001001101100100111011101000100101101010111111101010001010001100010100000100010110 | 601 
011101010101000110101101010100000101101000011000011110001010000110110101010001000001001110101001111110111111100101110010110111010001001010001101001 | 599 
100001100100001010000101001111111001110111001100001001100001101110100100101111101011100000111111100100101111101101111110011110000011101011100000111 | 596 
011011011101101011111111011100000010001100010110100110100011111011101010111011001110001100010111000111000110111001110000111010101011100101111000001 | 594 
000110011111011000010111000111010111100001100110000110101001100001101011100100011010011010010110110110011101110100101010001000111000110100010010001 | 592 
000110101000011010110111101111111101110010111000100011101111001100011100110100100001010010001011001100011001101011011010001001010001011000010000100 | 592 
000101011101011101000011101101100000101100110100101111011000100001000110100001110001010101010110100100111000000000000011001000000001100110101010001 | 591 
011110011000001001011101010101101011011101110001110111001100000000000111000100100100010011100010011011000101101100001101001100100010101010110101111 | 590 
100111111000111111101011010111001000100101011100011000101110011111100011000100111001111000011010000011001001001010101111110011101010100110000000011 | 584 
001110101011100001000101000100001111001110010100100011100001100000000101100101110011001110000001010101001001001010000010100001010000110011000101111 | 583 
010001111100100011111101101110100000000010001000100001010110000110110001100110001110111111111101110011000010000011110111110010010010101000101001101 | 578 
000110001001000110001001000001110111000000100101100011100110011110010011110110111000101111111010101000000000101001110111111011111001101001001001110 | 575 
101110101100010110101001001100001110100011101100010101001010010111011010000101111111110110010011011110001001010011011011011111010000111001010101101 | 567 
001111001010010000110011010011010101110010111111010110010101000100110000001110000101110000000010010010001101101000001111000001000010111011110010100 | 567 
010111010110010010110001000101000010010111001110111000101111111100101101001100001001111010000111111010010100110100100011000001101000110011100000001 | 566 
011111011101111010001001111000000010001100011011001100010101110010000001001010110011111001000111101100010000100101100001001111001000010011110101011 | 563 
111101011000010000011111101011100111110001011111001100111110101101000110110101100011010011001000101111001110100110011110110011100010001101000000101 | 558 
110111010010100101010101111100101010000011111100011111100110111011101111011100000000011011101101101011100110001000001010001010001000100100000101000 | 558 
100110110001111101000001101111001001111001001001101001000010011110011111110010010011100011100000010101000011111100111000110000101011010010001010010 | 554 
101110101010101000000100111001110111001101110101011000101101100011110010110111010101111000100011001100100110010101100001101010101010100010010000111 | 552 
100111011001101000001110001001000101010111101111000111000011111011000000110101100000110000100110100101011011101001010000110000000010101011000000011 | 550 
111100001011110100110100101101100111001000011101101001011010011110111110010001111110100011101101011010110110101010100100101010000000110000100111110 | 545 
011110111001110111111011010011010000001100110010011010011000000010111100010101001110001001011100100110000010000110111010100000111011011001100101001 | 537 
111100110011110001101000011010110110001111101100111011000100111110100111101010010010001100100101100011100111000101111111000100110001011100111000101 | 535 
100101000011101111111100000011100100010101111011101010111111000011010101011011111001010111001000100001011110100000101011111001001000110001101011010 | 535 
110110110001110100110110110011000111000110001010110000111010010000001101111110110010100000111011110100101110001100001011100111100010001111111110111 | 520 
010011011001111100110011100110111111100111010011001111010100101110001100000100101111111000110011001000100000100110110010111101110110100100011111111 | 348 
001101101010111101111100111100011110100101100110010010000101000100100111010111111101001000000010000010111000110001001110011011101111001010000010011 | 344 
100111011100001100010101011001011011001100111100010111010110110000111110011110110101100000000111010111000000111001100100001110101110010000011101001 | 344 
110100101101110100010111000010010101010110000011010010011010010111101110000110100000010011010111001001011010110011010100100101010101101000010100011 | 341 
111010001000100001101011111001000100011111001011100000000111011000010110111001000010100100011111011101001111101010110111011011001110011000011111110 | 338 
111111111011110101111101110011100111011100001011010100010100011101100010100001011100111000101001110001000101000111000110001011010110111110011001101 | 338 
111001001000101101110100101101000110001000100101010001011010110000000100110101000111111000111001001111110100100111100100000110100111110110001000010 | 337 
101110010011111001011000011111001000010110000110011001001110110100101000001101000010011111101011110100010100101001000100100101000111010010010001111 | 336 
011010010010100110000100001100011100010011000010110000010101001000011001011010100000111001100000101111111111101001101010111110100101001010010111111 | 332 
111000101010000110101101000110101000010110011010101011010111111101111010100101010011110000101101101101011011110111101111100100010101110100010011100 | 331 
010000110100100001111111111110011110101111011100001111010001010101010111110100011111111101110100101111001110110000000000101110000100111010111010110 | 328 
100001111001110001010111111000111110100110111111000011110000001000110101010101010101111101010011011111001000101111000100110001100101111101001111110 | 328 
101000111100010010100000000101001111101001101010110010010010011110000011001010000001011011001001100101100100110101001110001101111101111101001011111 | 328 
110111101001101101001101110000011000111010000111100001111101001001101000110101111001011100011000011010010000111010011011000000101111100000011110001 | 327 
101010111000000101111001011001011010001101101000001100110011011100001000011111101000001101101010101011011001101011011000110000110100010000001011100 | 326 
111010000001111100011100010011010001100010011010000000011111100011010010110110000011011001111000111011110111000000000001010110010110001110001011100 | 325 
010011111001011110111110000011110000000111010110000011100010111011101111000001110111010111000001001111011110110111001100110011000101111110000111011 | 324 
111000110010001100110100011010011111000000110000101001011010010000111111000000000110110011000110001100001101001000111100100111010110110000000101010 | 324 
001000001111100111011011111110010100101001101100110011110110111110101100000001101101010000001101101010111110101001011111110110111100001110010010011 | 323 
110000111010011010001011111010111111111101010100100100011111010110010010111101101011011010001011111000110000000101001011100100010100011101111101101 | 320 
100011111010010111111011111101101000100100011110001011111110101011100001111100010010001101001100110100000100100100000101000010111110011110011000001 | 320 
111000001010100001110111010001101110101011000111110100010101100101000000111110100111011100011000110100011100000001001110101001110100111011010100011 | 316 
010110111101001001011010110100111100110000010011110111101101011011011111010100000111010101111101010110001001110011000010000110100101110001110100011 | 315 
100010101010101111100111110000000001101101111100101100100111000000011111100011000100011101101011110011100110000100100010000010101110011000110001100 | 315 
110000111001100011110101111001100011001000000100011000000001010001100111101101000011001000010110000110001000001100110011100001010110010100111001000 | 314 
101011011110100101010000011001101111000000001110101111010111011010110001001010101111100110000100100011001001110111001010110101010101000001001111010 | 313 
100100011100100010111011110101111010000111111100011111101010010000000101001011100100011111011100101111011110001101000011101100110100101010101111111 | 313 
011111001000011000111100111110110101111100001111010111011111100100011001111101010101010001011101100000011111110111101100111100001100011010100111101 | 312 
111000001001011000001011100011101001001010100101111101000010010111110101011110011101001010011011010100100110111011110110010100001101000011011110001 | 311 
010010100000010011010100101001000010000110010101101101011110100110000111111011101100100001000011101111100100010110101101011100111100010000111110011 | 311 
001110100111110111001001011000010001011101000001011110111010001010110010110000110100101100111000111111111111101101010101100011011111011001101101101 | 309 
111000100101110100000010011011011010110010011111011011100000111011101111100011101010001000110110110010000111000111101111011100010111000011010010010 | 308 
000100100110110110010100101100011101100101011111100011100101111111011101110100011000110110001110111010100011111001011001010111110100001110100100000 | 307 
111011011100100010000110010001100110100010001010000100010000101111100001010101001101001011110000010101010000101011010000111111111110110001001100001 | 306 
011110111100001001000110001000001001110011101101011010101100011111100111110001010111111100110111000000100010010011001111101101011111001100100011000 | 305 
100001110001001111110010010011100000110100011101101101100111011011001001001110011000101110000101101000010010011010100110010100101100100111011010010 | 305 
110100010100010011000011001010111001011101100100000010001111111100010010111111110111001010101101011110100110100101011101111111111100100011001011110 | 304 
111110110110000000000101101100110011111100111001100111100111100010100011100100111100010101010011011001011011000100010100100000100100011001111010110 | 304 
101101010010100011111110101111000000000010100001100111001101011100111111010000001101011010010101100001100111100001000110010110100111110111111010001 | 303 
011010010110100001001011110000011100011000111100110010100010011100000000110011101101111010000100010000110110101010100011110111000100101110110111011 | 302 
100000101110101111011110000010100010101010100110101001011101101010111011101111100101000011000111011110000010111011100011111110000100011111100101111 | 301 
110100010000010110111000110111001010111000001000010110010001010010000000101101010111011001101111111011101010100010010101000011001111110001100110010 | 298 
011000001011000101110110000101001011100000110111010010101111001011000101000110100000001100010000100010110001111101100000000100010111101001111010010 | 297 
110000001100010001000101010101001101010110000111111001111111010001110001011111000111011101100100100100001000101010110011110010001101100101101100001 | 293 
100111100000101000010011101000100001101110001011110011110110010100001010100011010001100110111011001010010011101110010100111101001110111111100110111 | 290 
010001100100100011101111111101111101110010100110100011111100101001111110101110001011111000110111101100101011101001100001101111111100001011110001001 | 290 
001101110111101000010100101001011111001010100011011110110010000010010111101101110011011110011100110000101110101001000100111011111101001111101011100 | 289 
101001000110100111000111011101011101000110111110110101101100001101110010011011110001001001110000000110111111111010110111011000100101111111100010100 | 282 
111010101010001011111110000111000111111000100110101101100111111000000011110001110111110111101010000000010101110010001110010110101100111111100001101 | 279 
