BUFx10_ASAP7_75t_R	1	0	0	1
BUFx12_ASAP7_75t_R	1	0	0	1
BUFx12f_ASAP7_75t_R	1	0	0	1
BUFx16f_ASAP7_75t_R	1	0	0	1
BUFx24_ASAP7_75t_R	1	0	0	1
BUFx2_ASAP7_75t_R	1	0	0	1
BUFx3_ASAP7_75t_R	1	0	0	1
BUFx4_ASAP7_75t_R	1	0	0	1
BUFx4f_ASAP7_75t_R	1	0	0	1
BUFx5_ASAP7_75t_R	1	0	0	1
BUFx6f_ASAP7_75t_R	1	0	0	1
BUFx8_ASAP7_75t_R	1	0	0	1
INVx1_ASAP7_75t_R	0.00000197505	0.99999802495	0.99999802495	0.00000197505
INVx11_ASAP7_75t_R	0.00000197505	0.99999802495	0.99999802495	0.00000197505
INVx13_ASAP7_75t_R	0.00000197505	0.99999802495	0.99999802495	0.00000197505
INVx2_ASAP7_75t_	0.00000197505	0.99999802495	0.99999802495	0.00000197505
INVx3_ASAP7_75t_R	0.00000197505	0.99999802495	0.99999802495	0.00000197505
INVx4_ASAP7_75t_R	0.00000197505	0.99999802495	0.99999802495	0.00000197505
INVx5_ASAP7_75t_R	0.00000197505	0.99999802495	0.99999802495	0.00000197505
INVx6_ASAP7_75t_R	0.00000197505	0.99999802495	0.99999802495	0.00000197505
INVx8_ASAP7_75t_R	0.00000197505	0.99999802495	0.99999802495	0.00000197505
INVxp33_ASAP7_75t_R	0.00000197505	0.99999802495	0.99999802495	0.00000197505
INVxp67_ASAP7_75t_R	0.00000197505	0.99999802495	0.99999802495	0.00000197505
AND2x2_ASAP7_75t_R	0.99999802495	0.00000197505	0.99999802495	0.00000197505	0.99999802495	0.00000197505	0.00000197505	0.99999802495
AND2x4_ASAP7_75t_R	0.99999802495	0.00000197505	0.99999802495	0.00000197505	0.99999802495	0.00000197505	0.00000197505	0.99999802495
AND2x6_ASAP7_75t_R	0.99999802495	0.00000197505	0.99999802495	0.00000197505	0.99999802495	0.00000197505	0.00000197505	0.99999802495