AND2_X1	0.99968248	0.00031752	0.99968248	0.00031752	0.99957664	0.00042336	0.00031563	0.99968437
AND3_X1	0.99968248	0.00031752	0.99968248	0.00031752	0.99968248	0.00031752	0.99968248	0.00031752	0.99957664	0.00042336	0.99957664	0.00042336	0.9994708	0.0005292	0.0004347	0.9995653
AND4_X1	0.99968248	0.00031752	0.99968248	0.00031752	0.99968248	0.00031752	0.99968248	0.00031752	0.99968248	0.00031752	0.99968248	0.00031752	0.99968248	0.00031752	0.99968248	0.00031752	0.99957664	0.00042336	0.99957664	0.00042336	0.99957664	0.00042336	0.99957664	0.00042336	0.9994708	0.0005292	0.9994708	0.0005292	0.99936496	0.00063504	0.00047439	0.99952561
AOI211_X1	0.00036603	0.99963397	0.00036603	0.99963397	0.00057519	0.99942481	0.99968248	0.00031752	0.99912682	0.00087318	0.99912682	0.00087318	0.99912682	0.00087318	0.99968248	0.00031752	0.9988093	0.0011907	0.9988093	0.0011907	0.9988093	0.0011907	0.99968248	0.00031752	0.99912682	0.00087318	0.99912682	0.00087318	0.99912682	0.00087318	0.99968248	0.00031752
AOI21_X1	0.00020916	0.99979084	0.00020916	0.99979084	0.00041832	0.99958168	0.99968248	0.00031752	0.99912682	0.00087318	0.99912682	0.00087318	0.99912682	0.00087318	0.99968248	0.00031752
AOI221_X1	0.00036603	0.99963397	0.00036603	0.99963397	0.00057519	0.99942481	0.99968248	0.00031752	0.00036603	0.99963397	0.00036603	0.99963397	0.00057519	0.99942481	0.99968248	0.00031752	0.00057519	0.99942481	0.00057519	0.99942481	0.00078435	0.99921565	0.99968248	0.00031752	0.99857116	0.00142884	0.99857116	0.00142884	0.99857116	0.00142884	0.99968248	0.00031752	0.99912682	0.00087318	0.99912682	0.00087318	0.99912682	0.00087318	0.99968248	0.00031752	0.99912682	0.00087318	0.99912682	0.00087318	0.99912682	0.00087318	0.99968248	0.00031752	0.99912682	0.00087318	0.99912682	0.00087318	0.99912682	0.00087318	0.99968248	0.00031752	0.99912682	0.00087318	0.99912682	0.00087318	0.99912682	0.00087318	0.99968248	0.00031752
AOI22_X1	0.00020916	0.99979084	0.00020916	0.99979084	0.00041832	0.99958168	0.99888868	0.00111132	0.00020916	0.99979084	0.00020916	0.99979084	0.00041832	0.99958168	0.99888868	0.00111132	0.00041832	0.99958168	0.00041832	0.99958168	0.00062748	0.99937252	0.99888868	0.00111132	0.99968248	0.00031752	0.99968248	0.00031752	0.99968248	0.00031752	0.99968248	0.00031752
BUF_X1	0.99968248	0.00031752	0.00027594	0.99972406
INV_X1	0.00015687	0.99984313	0.99976186	0.00023814
MUX2_X1	0.99965602	0.00034398	0.99943111	0.00056889	0.99965602	0.00034398	0.00031563	0.99968437	0.00055377	0.99944623	0.99943111	0.00056889	0.00055377	0.99944623	0.00031563	0.99968437
NAND2_X1	0.00015687	0.99984313	0.00015687	0.99984313	0.00036603	0.99963397	0.99968248	0.00031752
NAND3_X1	0.00015687	0.99984313	0.00015687	0.99984313	0.00015687	0.99984313	0.00015687	0.99984313	0.00036603	0.99963397	0.00036603	0.99963397	0.00057519	0.99942481	0.99944434	0.00055566
NAND4_X1	0.00015687	0.99984313	0.00015687	0.99984313	0.00015687	0.99984313	0.00015687	0.99984313	0.00015687	0.99984313	0.00015687	0.99984313	0.00015687	0.99984313	0.00015687	0.99984313	0.00036603	0.99963397	0.00036603	0.99963397	0.00036603	0.99963397	0.00036603	0.99963397	0.00057519	0.99942481	0.00057519	0.99942481	0.00078435	0.99921565	0.99936496	0.00063504
NOR2_X1	0.00020916	0.99979084	0.99944434	0.00055566	0.99976186	0.00023814	0.99976186	0.00023814
NOR3_X1	0.00036603	0.99963397	0.99912682	0.00087318	0.99944434	0.00055566	0.99944434	0.00055566	0.99976186	0.00023814	0.99976186	0.00023814	0.99976186	0.00023814	0.99976186	0.00023814
NOR4_X1	0.00041832	0.99958168	0.9988093	0.0011907	0.99912682	0.00087318	0.99912682	0.00087318	0.99944434	0.00055566	0.99944434	0.00055566	0.99944434	0.00055566	0.99944434	0.00055566	0.99976186	0.00023814	0.99976186	0.00023814	0.99976186	0.00023814	0.99976186	0.00023814	0.99976186	0.00023814	0.99976186	0.00023814	0.99976186	0.00023814	0.99976186	0.00023814
OAI211_X1	0.00020916	0.99979084	0.00057519	0.99942481	0.00057519	0.99942481	0.00057519	0.99942481	0.00020916	0.99979084	0.00057519	0.99942481	0.00057519	0.99942481	0.00057519	0.99942481	0.00020916	0.99979084	0.00078435	0.99921565	0.00078435	0.99921565	0.00078435	0.99921565	0.00020916	0.99979084	0.99912682	0.00087318	0.99944434	0.00055566	0.99944434	0.00055566
OAI21_X1	0.00020916	0.99979084	0.00057519	0.99942481	0.00057519	0.99942481	0.00057519	0.99942481	0.00020916	0.99979084	0.99936496	0.00063504	0.99968248	0.00031752	0.99968248	0.00031752
OAI221_X1	0.00020916	0.99979084	0.00057519	0.99942481	0.00057519	0.99942481	0.00057519	0.99942481	0.00020916	0.99979084	0.00057519	0.99942481	0.00057519	0.99942481	0.00057519	0.99942481	0.00020916	0.99979084	0.00057519	0.99942481	0.00057519	0.99942481	0.00057519	0.99942481	0.00020916	0.99979084	0.00057519	0.99942481	0.00057519	0.99942481	0.00057519	0.99942481	0.00020916	0.99979084	0.00094122	0.99905878	0.00094122	0.99905878	0.00094122	0.99905878	0.00020916	0.99979084	0.9988093	0.0011907	0.99912682	0.00087318	0.99912682	0.00087318	0.00020916	0.99979084	0.99912682	0.00087318	0.99944434	0.00055566	0.99944434	0.00055566	0.00020916	0.99979084	0.99912682	0.00087318	0.99944434	0.00055566	0.99944434	0.00055566
OAI22_X1	0.00020916	0.99979084	0.00020916	0.99979084	0.00020916	0.99979084	0.00020916	0.99979084	0.00073206	0.99926794	0.99904744	0.00095256	0.99936496	0.00063504	0.99936496	0.00063504	0.00073206	0.99926794	0.99936496	0.00063504	0.99968248	0.00031752	0.99968248	0.00031752	0.00073206	0.99926794	0.99936496	0.00063504	0.99968248	0.00031752	0.99968248	0.00031752
OR2_X1	0.99965602	0.00034398	0.0004347	0.9995653	0.00027594	0.99972406	0.00027594	0.99972406
OR3_X1	0.99957664	0.00042336	0.00059346	0.99940654	0.0004347	0.9995653	0.0004347	0.9995653	0.00027594	0.99972406	0.00027594	0.99972406	0.00027594	0.99972406	0.00027594	0.99972406
OR4_X1	0.99955018	0.00044982	0.00075222	0.99924778	0.00059346	0.99940654	0.00059346	0.99940654	0.0004347	0.9995653	0.0004347	0.9995653	0.0004347	0.9995653	0.0004347	0.9995653	0.00027594	0.99972406	0.00027594	0.99972406	0.00027594	0.99972406	0.00027594	0.99972406	0.00027594	0.99972406	0.00027594	0.99972406	0.00027594	0.99972406	0.00027594	0.99972406
XNOR2_X1	0.00020916	0.99979084	0.99928558	0.00071442	0.99949726	0.00050274	0.00073395	0.99926605
XOR2_X1	0.99902098	0.00097902	0.00048699	0.99951301	0.00053739	0.99946261	0.99968248	0.00031752
AND2_X1_p	0.999968248	0.000031752	0.999968248	0.000031752	0.999957664	0.000042336	0.000031563	0.999968437
AND3_X1_p	0.999968248	0.000031752	0.999968248	0.000031752	0.999968248	0.000031752	0.999968248	0.000031752	0.999957664	0.000042336	0.999957664	0.000042336	0.99994708	0.00005292	0.00004347	0.99995653
AND4_X1_p	0.999968248	0.000031752	0.999968248	0.000031752	0.999968248	0.000031752	0.999968248	0.000031752	0.999968248	0.000031752	0.999968248	0.000031752	0.999968248	0.000031752	0.999968248	0.000031752	0.999957664	0.000042336	0.999957664	0.000042336	0.999957664	0.000042336	0.999957664	0.000042336	0.99994708	0.00005292	0.99994708	0.00005292	0.999936496	0.000063504	0.000047439	0.999952561
AOI211_X1_p	0.000036603	0.999963397	0.000036603	0.999963397	0.000057519	0.999942481	0.999968248	0.000031752	0.999912682	0.000087318	0.999912682	0.000087318	0.999912682	0.000087318	0.999968248	0.000031752	0.99988093	0.00011907	0.99988093	0.00011907	0.99988093	0.00011907	0.999968248	0.000031752	0.999912682	0.000087318	0.999912682	0.000087318	0.999912682	0.000087318	0.999968248	0.000031752
AOI21_X1_p	0.000020916	0.999979084	0.000020916	0.999979084	0.000041832	0.999958168	0.999968248	0.000031752	0.999912682	0.000087318	0.999912682	0.000087318	0.999912682	0.000087318	0.999968248	0.000031752
AOI221_X1_p	0.000036603	0.999963397	0.000036603	0.999963397	0.000057519	0.999942481	0.999968248	0.000031752	0.000036603	0.999963397	0.000036603	0.999963397	0.000057519	0.999942481	0.999968248	0.000031752	0.000057519	0.999942481	0.000057519	0.999942481	0.000078435	0.999921565	0.999968248	0.000031752	0.999857116	0.000142884	0.999857116	0.000142884	0.999857116	0.000142884	0.999968248	0.000031752	0.999912682	0.000087318	0.999912682	0.000087318	0.999912682	0.000087318	0.999968248	0.000031752	0.999912682	0.000087318	0.999912682	0.000087318	0.999912682	0.000087318	0.999968248	0.000031752	0.999912682	0.000087318	0.999912682	0.000087318	0.999912682	0.000087318	0.999968248	0.000031752	0.999912682	0.000087318	0.999912682	0.000087318	0.999912682	0.000087318	0.999968248	0.000031752
AOI22_X1_p	0.000020916	0.999979084	0.000020916	0.999979084	0.000041832	0.999958168	0.999888868	0.000111132	0.000020916	0.999979084	0.000020916	0.999979084	0.000041832	0.999958168	0.999888868	0.000111132	0.000041832	0.999958168	0.000041832	0.999958168	0.000062748	0.999937252	0.999888868	0.000111132	0.999968248	0.000031752	0.999968248	0.000031752	0.999968248	0.000031752	0.999968248	0.000031752
BUF_X1_p	0.999968248	0.000031752	0.000027594	0.999972406
INV_X1_p	0.000015687	0.999984313	0.999976186	0.000023814
MUX2_X1_p	0.999965602	0.000034398	0.999943111	0.000056889	0.999965602	0.000034398	0.000031563	0.999968437	0.000055377	0.999944623	0.999943111	0.000056889	0.000055377	0.999944623	0.000031563	0.999968437
NAND2_X1_p	0.000015687	0.999984313	0.000015687	0.999984313	0.000036603	0.999963397	0.999968248	0.000031752
NAND3_X1_p	0.000015687	0.999984313	0.000015687	0.999984313	0.000015687	0.999984313	0.000015687	0.999984313	0.000036603	0.999963397	0.000036603	0.999963397	0.000057519	0.999942481	0.999944434	0.000055566
NAND4_X1_p	0.000015687	0.999984313	0.000015687	0.999984313	0.000015687	0.999984313	0.000015687	0.999984313	0.000015687	0.999984313	0.000015687	0.999984313	0.000015687	0.999984313	0.000015687	0.999984313	0.000036603	0.999963397	0.000036603	0.999963397	0.000036603	0.999963397	0.000036603	0.999963397	0.000057519	0.999942481	0.000057519	0.999942481	0.000078435	0.999921565	0.999936496	0.000063504
NOR2_X1_p	0.000020916	0.999979084	0.999944434	0.000055566	0.999976186	0.000023814	0.999976186	0.000023814
NOR3_X1_p	0.000036603	0.999963397	0.999912682	0.000087318	0.999944434	0.000055566	0.999944434	0.000055566	0.999976186	0.000023814	0.999976186	0.000023814	0.999976186	0.000023814	0.999976186	0.000023814
NOR4_X1_p	0.000041832	0.999958168	0.99988093	0.00011907	0.999912682	0.000087318	0.999912682	0.000087318	0.999944434	0.000055566	0.999944434	0.000055566	0.999944434	0.000055566	0.999944434	0.000055566	0.999976186	0.000023814	0.999976186	0.000023814	0.999976186	0.000023814	0.999976186	0.000023814	0.999976186	0.000023814	0.999976186	0.000023814	0.999976186	0.000023814	0.999976186	0.000023814
OAI211_X1_p	0.000020916	0.999979084	0.000057519	0.999942481	0.000057519	0.999942481	0.000057519	0.999942481	0.000020916	0.999979084	0.000057519	0.999942481	0.000057519	0.999942481	0.000057519	0.999942481	0.000020916	0.999979084	0.000078435	0.999921565	0.000078435	0.999921565	0.000078435	0.999921565	0.000020916	0.999979084	0.999912682	0.000087318	0.999944434	0.000055566	0.999944434	0.000055566
OAI21_X1_p	0.000020916	0.999979084	0.000057519	0.999942481	0.000057519	0.999942481	0.000057519	0.999942481	0.000020916	0.999979084	0.999936496	0.000063504	0.999968248	0.000031752	0.999968248	0.000031752
OAI221_X1_p	0.000020916	0.999979084	0.000057519	0.999942481	0.000057519	0.999942481	0.000057519	0.999942481	0.000020916	0.999979084	0.000057519	0.999942481	0.000057519	0.999942481	0.000057519	0.999942481	0.000020916	0.999979084	0.000057519	0.999942481	0.000057519	0.999942481	0.000057519	0.999942481	0.000020916	0.999979084	0.000057519	0.999942481	0.000057519	0.999942481	0.000057519	0.999942481	0.000020916	0.999979084	0.000094122	0.999905878	0.000094122	0.999905878	0.000094122	0.999905878	0.000020916	0.999979084	0.99988093	0.00011907	0.999912682	0.000087318	0.999912682	0.000087318	0.000020916	0.999979084	0.999912682	0.000087318	0.999944434	0.000055566	0.999944434	0.000055566	0.000020916	0.999979084	0.999912682	0.000087318	0.999944434	0.000055566	0.999944434	0.000055566
OAI22_X1_p	0.000020916	0.999979084	0.000020916	0.999979084	0.000020916	0.999979084	0.000020916	0.999979084	0.000073206	0.999926794	0.999904744	0.000095256	0.999936496	0.000063504	0.999936496	0.000063504	0.000073206	0.999926794	0.999936496	0.000063504	0.999968248	0.000031752	0.999968248	0.000031752	0.000073206	0.999926794	0.999936496	0.000063504	0.999968248	0.000031752	0.999968248	0.000031752
OR2_X1_p	0.999965602	0.000034398	0.00004347	0.99995653	0.000027594	0.999972406	0.000027594	0.999972406
OR3_X1_p	0.999957664	0.000042336	0.000059346	0.999940654	0.00004347	0.99995653	0.00004347	0.99995653	0.000027594	0.999972406	0.000027594	0.999972406	0.000027594	0.999972406	0.000027594	0.999972406
OR4_X1_p	0.999955018	0.000044982	0.000075222	0.999924778	0.000059346	0.999940654	0.000059346	0.999940654	0.00004347	0.99995653	0.00004347	0.99995653	0.00004347	0.99995653	0.00004347	0.99995653	0.000027594	0.999972406	0.000027594	0.999972406	0.000027594	0.999972406	0.000027594	0.999972406	0.000027594	0.999972406	0.000027594	0.999972406	0.000027594	0.999972406	0.000027594	0.999972406
XNOR2_X1_p	0.000020916	0.999979084	0.999928558	0.000071442	0.999949726	0.000050274	0.000073395	0.999926605
XOR2_X1_p	0.999902098	0.000097902	0.000048699	0.999951301	0.000053739	0.999946261	0.999968248	0.000031752